Adjacency Matrix for 8 vertices:
0	86	13	13	0	90	69	0	
86	0	57	31	14	0	0	76	
13	57	0	0	0	29	0	0	
13	31	0	0	0	0	0	44	
0	14	0	0	0	77	38	0	
90	0	29	0	77	0	88	0	
69	0	0	0	38	88	0	0	
0	76	0	44	0	0	0	0	
----------------------
Adjacency Matrix for 15 vertices:
0	89	0	96	0	0	67	92	11	0	0	2	48	0	40	
89	0	0	83	0	98	29	0	96	14	25	88	77	0	0	
0	0	0	0	0	64	0	0	0	74	25	0	0	0	0	
96	83	0	0	89	80	61	96	0	68	0	0	27	0	0	
0	0	0	89	0	37	66	96	41	0	0	45	0	0	22	
0	98	64	80	37	0	73	0	0	29	0	0	10	0	82	
67	29	0	61	66	73	0	0	0	0	0	0	25	0	0	
92	0	0	96	96	0	0	0	5	82	11	60	51	87	71	
11	96	0	0	41	0	0	5	0	0	2	0	0	0	17	
0	14	74	68	0	29	0	82	0	0	4	0	6	93	0	
0	25	25	0	0	0	0	11	2	4	0	4	74	0	0	
2	88	0	0	45	0	0	60	0	0	4	0	69	0	0	
48	77	0	27	0	10	25	51	0	6	74	69	0	0	1	
0	0	0	0	0	0	0	87	0	93	0	0	0	0	9	
40	0	0	0	22	82	0	71	17	0	0	0	1	9	0	
----------------------
Adjacency Matrix for 20 vertices:
0	70	0	24	0	8	0	0	22	0	33	0	86	84	0	42	0	91	0	0	
70	0	0	84	0	84	72	0	0	9	0	0	0	59	0	0	2	0	5	0	
0	0	0	97	17	0	0	0	0	68	0	0	0	47	0	84	29	27	0	0	
24	84	97	0	99	95	0	0	24	0	0	16	30	0	62	0	89	47	15	0	
0	0	17	99	0	31	0	0	0	0	22	38	0	0	64	0	94	0	11	0	
8	84	0	95	31	0	21	0	81	59	0	54	0	51	0	0	36	0	0	64	
0	72	0	0	0	21	0	38	49	53	0	43	0	0	0	0	13	0	0	0	
0	0	0	0	0	0	38	0	87	0	45	0	0	0	59	31	4	9	39	79	
22	0	0	24	0	81	49	87	0	84	0	0	43	48	1	86	37	2	16	18	
0	9	68	0	0	59	53	0	84	0	0	76	96	0	0	56	52	84	0	87	
33	0	0	0	22	0	0	45	0	0	0	35	0	0	0	0	86	87	0	9	
0	0	0	16	38	54	43	0	0	76	35	0	70	0	0	0	0	0	84	27	
86	0	0	30	0	0	0	0	43	96	0	70	0	24	12	0	56	0	63	0	
84	59	47	0	0	51	0	0	48	0	0	0	24	0	0	0	62	0	0	53	
0	0	0	62	64	0	0	59	1	0	0	0	12	0	0	25	91	1	85	0	
42	0	84	0	0	0	0	31	86	56	0	0	0	0	25	0	0	28	52	95	
0	2	29	89	94	36	13	4	37	52	86	0	56	62	91	0	0	0	0	0	
91	0	27	47	0	0	0	9	2	84	87	0	0	0	1	28	0	0	0	27	
0	5	0	15	11	0	0	39	16	0	0	84	63	0	85	52	0	0	0	65	
0	0	0	0	0	64	0	79	18	87	9	27	0	53	0	95	0	27	65	0	
----------------------